-1.2709436416625977
-0.9641132354736328
-1.4753024578094482
0.6548469066619873
-0.3999216556549072
-3.0436758995056152
-1.9058020114898682
-0.48980212211608887
0.37097764015197754
1.2776799201965332
1.5917432308197021
-0.3946559429168701
0.5705344676971436
0.04695749282836914
0.820533037185669
-1.2225003242492676
-0.11200189590454102
-2.4971494674682617
-1.9947354793548584
0.262493371963501
-1.3735766410827637
-0.30962586402893066
-0.3295869827270508
-0.5760312080383301
1.859178066253662
3.0946526527404785
-0.02861642837524414
-1.5624985694885254
0.5547552108764648
0.994584321975708
1.9174063205718994
-0.3641996383666992
-0.4027423858642578
-0.9046714305877686
1.845137357711792
1.418666124343872
0.42220520973205566
0.29100990295410156
0.6685547828674316
-1.3974573612213135
-0.6795201301574707
1.0147278308868408
-1.4117445945739746
-0.07971858978271484
0.14280962944030762
-2.0526981353759766
0.7858054637908936
-1.3416399955749512
-1.3580355644226074
0.042101383209228516
0.578113317489624
2.019109010696411
0.22209882736206055
-0.5288810729980469
-1.7873187065124512
-0.7261760234832764
0.04194188117980957
-1.7537651062011719
0.01565718650817871
-1.651789903640747
-0.7039675712585449
-0.9060571193695068
-2.7890400886535645
0.7236571311950684
0.8459014892578125
-1.6695735454559326
-1.9432744979858398
-0.01626873016357422
0.5045144557952881
-2.4468889236450195
-1.9625771045684814
-0.8175702095031738
0.7273945808410645
-0.2993321418762207
-2.5479252338409424
0.37903761863708496
0.8935198783874512
-0.6244707107543945
0.07632184028625488
-2.224684000015259
-1.5227937698364258
0.06752204895019531
1.5268585681915283
0.7168765068054199
0.2573518753051758
0.8558273315429688
-0.1455826759338379
-2.6135149002075195
1.396045207977295
0.38206934928894043
0.478684663772583
-2.5940685272216797
-1.1223783493041992
-2.5435783863067627
0.8474056720733643
-0.011266708374023438
1.2018108367919922
-3.649251937866211
-0.020124435424804688
0.9467144012451172
